351
1054
1195
1345
4107
23368
24257
24353
25135
25899
26024
29302
29810
31514
32347
34276
36548
36571
36667
36681
36854
37270
37466
37494
37505
37547
37554
37559
37561
37567
37644
37686
37863
37928
38116
38540
39881
40130
40303
40628
40629
40691
40699
40931
40966
41113
41332
41610
41798
44574
44575
45073
45341
45430
46256
46744
46956
47105
47141
47933
47934
48250
48867
48999
49049
49936
50385
50386
50388
51424
51864
52471
52683
53017
53224
53577
53784
53816
54050
54661
55837
56007
56038
56199
56213
56295
56476
56542
56702
56704
56908
65593
66321
66528
66530
66694
66703
66705
66944
66979
67107
67130
67200
67209
67275
67626
67741
67937
68097
68304
68309
69000
69052
69129
69332
69354
69374
69585
69703
69863
69990
70120
70141
70779
70889
71126
71179
71619
71654
71664
71665
71786
71792
71794
72064
72191
72192
72352
72752
73599
73816
74022
74189
74469
74645
74653
74663
74699
75010
75150
75429
75484
75641
75831
75980
76780
77340
77435
77772
78131
78326
78375
78903
79157
79351
79354
79355
79704
80067
80503
80553
80703
80908
80938
81700
81702
82501
83115
83351
83636
83653
83655
83656
84047
84794
85079
85148
85149
85150
85151
85152
85153
85241
85447
85614
85633
86282
86342
86686
86688
86859
87804
87820
88466
88467
88518
88563
88875
88878
89485
89499
89811
89936
90661
91208
91222
91223
91681
91854
93957
93974
94264
95587
95719
96049
96262
96282
97414
97955
98799
98808
99498
99510
99511
99809
100218
100384
100774
101356
101852
102769
102833
102901
102910
103101
103187
104246
104538
105308
105759
105849
106415
106975
108451
108885
108997
108998
109274
109471
109610
109630
109800
110063
110647
111154
111326
111327
112194
112642
112652
112653
112654
113193
113324
113535
113542
113553
113556
113839
113926
114325
114764
114765
114767
114768
114769
115495
115515
115969
116360
116361
116835
116836
116838
117782
117784
117843
118324
118428
119015
119635
120979
121500
121501
124544
124770
124861
124862
126283
126751
126940
127371
127747
127962
128163
128641
128761
128881
129186
129823
129932
129933
130250
132672
132675
132677
132678
132820
132821
132823
133090
133182
133256
134242
134243
135071
135640
137822
139278
139576
139686
140203
140212
140473
141260
141596
141726
141742
142287
142689
143234
144129
146472
148872
151124
153280
153488
153714
153716
153968
153969
153970
154202
154268
154671
155461
155961
156196
156823
156860
156952
157292
157915
158197
159578
160248
160337
160340
160341
160510
160512
160545
160575
160641
160644
160759
160876
161243
161362
161467
161529
161601
161766
161778
161949
162179
162180
162199
162413
162607
162608
162609
162611
162612
162630
162634
162670
162703
162710
162713
162767
162782
162962
162976
163052
163065
163073
163074
163230
163231
163241
163248
163250
163251
163491
163492
163493
163494
163514
163516
163517
163518
163521
163528
163536
163540
163544
163610
163626
163649
163688
163726
163785
163850
163860
163970
163998
164012
164056
164068
164072
164087
164150
164254
164266
164412
164441
164551
164635
164644
164682
164691
164697
164740
164797
164813
164842
164843
164846
164871
164882
164888
164920
164969
164978
165030
165040
165056
165078
165082
165084
165102
165104
165143
165156
165177
165342
165343
165344
165406
165451
165552
165556
165565
165647
165659
165660
165864
165884
165885
165939
165941
165946
166061
166074
166104
166110
166115
166160
166162
166204
166275
166322
166331
166360
166406
166407
166414
166417
166418
166467
166469
166474
166475
166476
166483
166485
166543
166544
166548
166551
166597
166598
166602
166611
166615
166619
166629
166661
166707
166713
166757
166763
166772
166781
166822
166830
166850
166869
166881
166902
166969
166973
166987
167000
167044
167073
167083
167088
167095
167099
167100
167111
167149
167155
167158
167171
167174
167182
167196
167197
167222
167225
167240
167253
167267
167298
167305
167326
167330
167334
167351
167402
167404
167405
167414
167426
167433
167437
167446
167452
167473
167483
167501
167506
167507
167512
167552
167570
167573
167586
167590
167600
167603
167607
167608
167609
167615
167617
167625
167637
167639
167640
167673
167674
167676
167685
167691
167693
167701
167709
167714
167739
167762
167786
167787
167796
167802
167805
167813
167816
167821
167822
167823
167824
167827
167828
167866
167892
167906
167940
167949
167953
167960
167971
167974
167981
167985
167987
167995
168090
168103
168105
168109
168117
168134
168135
168138
168140
168144
168151
168156
168166
168168
168193
168196
168201
168202
168203
168206
168224
168266
168270
168272
168279
168289
168309
168315
168317
168323
168326
168330
168344
168346
168347
168349
168350
168353
168356
168363
168364
168369
168405
168420
168421
168430
168481
168496
168499
168500
168502
168503
168514
168521
168530
168531
168537
168540
168557
168559
168568
168572
168593
168603
168612
168615
168625
168626
168627
168636
168638
168669
168696
168697
168721
168726
168732
168743
168747
168748
168771
168776
168777
168786
168852
168867
168870
168885
168931
168934
168937
168943
168952
168953
169178
169221
169227
169243
169248
169266
169267
169275
169279
169288
169292
169314
169359
169405
169484
169526
169567
169577
169590
169614
169625
169655
169679
169752
169754
169755
169761
169765
169768
169789
169791
169794
169798
169810
169844
169893
169912
169974
170000
170010
170021
170074
170086
170291
170348
170363
170379
170470
170506
170514
170529
170583
170636
170641
170642
170646
170699
170718
170751
170766
170771
170812
170878
170883
170884
170954
170999
171102
171130
171157
171158
171196
171327
171410
171413
171434
171437
171500
171545
171629
171698
171771
171935
171955
171991
172131
172142
172198
172222
172252
172259
172261
172278
172380
172381
172390
172445
172538
172543
172570
172628
172640
172641
172725
172745
172820
172888
172971
173057
173071
173077
173083
173093
173125
173128
173262
173287
173340
173452
173557
173558
173559
173602
173628
173714
173752
173875
173900
173921
173924
173939
174024
174074
174112
174199
174275
174292
174468
174492
174495
174497
174498
174505
174539
174552
174620
174673
174905
175007
175042
175066
175093
175096
175139
175178
175182
175198
175395
175591
175680
175743
175774
176020
176028
176032
176084
176087
176102
176124
176192
176235
176274
176373
176421
176430
176470
176512
176514
176552
176588
176686
176717
176722
176749
176753
176776
176779
176847
176880
176888
176903
176943
176972
176974
176980
177020
177127
177233
177237
177281
177306
177322
177333
177377
177468
177527
177554
177583
177601
177658
177676
177730
177732
177733
177735
177739
177747
177819
177821
177822
177828
177839
177873
177886
177940
178091
178105
178132
178144
178244
178294
178295
178299
178315
178326
178327
178328
178342
178410
178411
178412
178422
178424
178573
178574
178575
178580
178652
178692
178704
178717
178727
178777
178826
178873
178914
178922
178926
178941
178950
178960
178990
179080
179090
179095
179101
179132
179140
179234
179236
179243
179337
179342
179349
179385
179394
179460
179542
179577
179581
179605
179668
179680
179795
179935
179937
179959
179981
179982
180040
180046
180051
180066
180105
180113
180156
180160
180217
180227
180270
180271
180301
180307
180439
180484
180486
180487
180535
180552
180555
180564
180632
180652
180653
180654
180818
180851
180912
180948
180955
180963
180988
181016
181017
181018
181124
181125
181144
181148
181328
181333
181336
181434
181446
181447
181478
181512
181535
181575
181601
181651
181706
181719
181759
181790
181808
181887
182015
182018
182020
182021
182028
182118
182271
182288
182295
182330
182351
182362
182366
182374
182400
182416
182419
182422
182484
182511
182564
182575
182604
182621
182818
182838
182899
182912
182942
182951
183010
183084
183086
183087
183088
183096
183124
183125
183196
183239
183247
183251
183252
183253
183288
183324
183359
183364
183366
183374
183387
183390
183424
183505
183508
183527
183529
183544
183568
183592
183636
183644
183661
183696
183698
183700
183736
183781
183871
183927
183929
183937
183942
183943
183977
184050
184066
184113
184122
184178
184195
184273
184293
184359
184631
184637
184697
184699
184773
184842
184875
184901
184965
185066
185078
185135
185177
185196
185231
185253
185323
185357
185409
185590
185693
185697
185728
185770
185778
185779
185783
185839
185972
186009
186013
186024
186027
186045
186072
186110
186111
186113
186114
186170
186259
186348
186366
186399
186416
186439
186485
186540
186545
186635
186810
186838
186851
186931
186937
186980
186984
187068
187083
187085
187102
187107
187166
187198
187202
187274
187283
187367
187378
187380
187408
187492
187494
187503
187511
187534
187535
187544
187548
187553
187554
187612
187640
187685
187689
187700
187704
187749
187794
187812
187815
187828
187834
187872
187876
187881
187883
187889
187892
187899
187931
187940
187944
187983
187988
188002
188023
188039
188051
188052
188075
188086
188107
188108
188154
188229
188236
188237
188274
188279
188309
188328
188330
188331
188397
188454
188457
188470
188498
188499
188559
188642
188688
188699
188747
188762
188768
188788
188815
188818
188830
188833
188834
188835
188836
188841
188914
188924
188925
189049
189060
189082
189125
189166
189170
189206
189238
189240
189248
189260
189276
189316
189347
189362
189363
189387
189391
189392
189395
189410
189480
189509
189510
189579
189794
189800
189826
189836
189898
189960
189993
190077
190161
190189
190230
190231
190233
190250
190361
190389
190397
190418
190421
190428
190446
190495
190546
190570
190579
190601
190632
190642
190643
190659
190667
190686
190783
190789
190821
190856
190859
190911
190960
190966
191018
191019
191022
191030
191037
191089
191148
191150
191200
191211
191213
191234
191256
191301
191302
191328
191332
191337
191344
191346
191458
191520
191583
191637
191641
191645
191719
191723
191727
191733
191744
191840
191843
191875
191876
191878
191903
191912
191960
191987
192016
192020
192021
192072
192091
192102
192153
192156
192168
192207
192225
192227
192245
192252
192259
192291
192364
192408
192483
192523
192524
192528
192545
192577
192583
192608
192615
192689
192714
192775
192777
192798
192833
192839
192847
192874
192877
192881
192884
192887
192894
192945
192962
192963
192967
192969
192981
193009
193028
193059
193060
193061
193079
193122
193125
193126
193130
193131
193164
193186
193188
193225
193239
193261
193276
193318
193326
193388
193404
193413
193416
193438
193453
193463
193464
193518
193543
193570
193664
193667
193710
193756
193821
193874
193877
193898
193922
193926
193938
193965
193968
193996
194067
194086
194128
194141
194152
194157
194204
194229
194231
194284
194287
194307
194346
194349
194365
194366
194367
194391
194421
194431
194438
194493
194512
194539
194552
194553
194570
194575
194584
194621
194625
194654
194689
194709
194710
194714
194715
194738
194757
194759
194760
194762
194781
194820
194821
194825
194839
194854
194858
194862
194879
194888
194935
194936
194970
194988
195022
195031
195057
195059
195060
195100
195101
195110
195117
195167
195168
195170
195172
195178
195220
195227
195228
195246
195273
195285
195313
195344
195370
195372
195374
195402
195409
195451
195456
195520
195548
195549
195553
195557
195558
195598
195658
195664
195674
195694
195699
195727
195762
195792
195793
195794
195795
195796
195797
195798
195799
195800
195814
195821
195825
195863
195865
195877
195879
195881
195891
195916
195947
196027
196040
196045
196047
196144
196151
196157
196168
196183
196217
196219
196261
196263
196264
196333
196355
196360
196370
196394
196395
196467
196486
196494
196510
196515
196531
196532
196591
196594
196595
196603
196645
196666
196669
196671
196686
196783
196817
196824
196835
196856
196862
196896
196915
196937
196967
196997
197028
197029
197047
197052
197077
197084
197187
197190
197265
197293
197299
197307
197309
197410
197412
197447
197465
197466
197468
197470
197481
197482
197483
197486
197487
197500
197501
197502
197519
197520
197523
197524
197525
197527
197528
197529
197530
197536
197557
197558
197580
197658
197660
197667
197703
197753
197760
197829
197832
197911
197967
197974
198003
198011
198040
198043
198046
198082
198087
198130
198135
198171
198220
198286
198305
198344
198393
198415
198444
198471
198634
198651
198685
198702
198721
198776
198832
198844
198855
198856
198872
198901
198911
198912
198913
198920
198921
198930
198938
198946
198965
198984
198986
198987
199009
199173
199177
199188
199194
199274
200294
200314
200553
200640
200649
200740
201303
201352
201354
201355
201358
201361
201385
201412
201431
201432
201458
201481
201502
201570
201585
201586
201589
201605
201679
201794
201804
201810
201820
201837
201839
201849
201851
201852
201908
201998
202040
202063
202079
202080
202081
202196
202210
202223
202236
202263
202279
202302
202311
202326
202339
202353
202429
202442
202466
202513
202514
202532
202573
202608
202636
202650
202651
202667
202707
202741
202757
202796
202797
202799
202817
202923
202952
202981
202987
203043
203045
203048
203051
203062
203087
203094
203121
203123
203196
203204
203329
203346
203369
203370
203376
203389
203390
203407
203416
203446
203447
203452
203462
203540
203563
203586
203624
203625
203638
203661
203694
203704
203729
203755
203794
203797
203838
203842
203871
203896
203933
203956
204032
204036
204037
204039
204040
204041
204044
204045
204046
204047
204053
204054
204118
204146
204148
204169
204200
204214
204232
204243
204252
204270
204302
204306
204364
204372
204383
204391
204401
204507
204537
204544
204556
204558
204560
204561
204562
204564
204566
204568
204572
204583
204584
204586
204588
204589
204591
204592
204595
204598
204599
204607
204609
204613
204614
204615
204616
204617
204621
204622
204623
204627
204628
204629
204631
204632
204633
204634
204636
204637
204639
204642
204644
204645
204647
204683
204684
204688
204689
204690
204693
204707
204712
204772
204774
204775
204776
204777
204778
204779
204780
204781
204783
204784
204786
204787
204790
204792
204794
204796
204806
204807
204810
204813
204815
204817
204819
204823
204824
204829
204830
204834
204835
204843
204846
204849
204856
204857
204858
204866
204869
204871
204877
204878
204882
204884
204887
204895
204897
204909
204910
204911
204926
204933
204939
204942
204951
204954
204960
204963
204964
204966
204967
204969
204976
204977
204982
204988
204989
205002
205007
205009
205011
205016
205020
205022
205025
205026
205030
205032
205035
205039
205042
205051
205053
205056
205062
205065
205066
205067
205069
205070
205071
205077
205078
205079
205093
205094
205096
205099
205100
205101
205102
205110
205114
205116
205123
205127
205128
205129
205132
205145
205154
205160
205162
205164
205165
205166
205167
205169
205173
205180
205187
205188
205191
205192
205193
205194
205202
205207
205214
205216
205222
205223
205224
205225
205226
205228
205230
205231
205232
205233
205234
205235
205236
205241
205244
205246
205247
205251
205254
205267
205269
205270
205271
205272
205277
205279
205280
205281
205286
205287
205290
205291
205296
205297
205298
205308
205309
205310
205313
205314
205315
205316
205317
205322
205334
205335
205336
205341
205342
205343
205345
205347
205349
205354
205362
205366
205368
205369
205370
205371
205372
205375
205380
205401
205403
205408
205426
205431
205441
205443
205444
205446
205447
205448
205449
205451
205452
205460
205461
205464
205466
205467
205468
205470
205471
205474
205475
205476
205478
205479
205480
205481
205490
205491
205494
205497
205498
205499
205500
205502
205504
205506
205507
205508
205509
205510
205511
205512
205513
205515
205516
205518
205530
205541
205542
205543
205544
205546
205550
205553
205554
205557
205560
205561
205562
205564
205567
205569
205572
205573
205574
205575
205577
205579
205581
205586
205587
205588
205591
205592
205594
205595
205596
205598
205600
205603
205604
205605
205606
205609
205611
205612
205614
205617
205622
205623
205625
205627
205628
205632
205634
205639
205640
205642
205646
205647
205648
205649
205651
205653
205654
205655
205656
205658
205660
205661
205662
205663
205664
205666
205667
205668
205669
205670
205671
205672
205674
205675
205676
205677
205678
205682
205685
205686
205688
205691
205692
205693
205694
205695
205698
205699
205700
205702
205709
205710
205711
205712
205713
205714
205715
205721
205726
205730
205731
205733
205734
205735
205737
205738
205743
205746
205747
205748
205749
205752
205753
205754
205756
205757
205759
205760
205761
205762
205764
205766
205768
205769
205770
205773
205774
205775
205776
205777
205781
205784
205785
205786
205787
205788
205791
205792
205794
205795
205796
205797
205800
205803
205806
205808
205809
205810
205812
205813
205814
205816
205817
205819
205822
205823
205825
205826
205827
205830
205832
205834
205837
205838
205845
205848
205849
205851
205852
205853
205854
205858
205859
205860
205863
205865
205866
205867
205868
205869
205870
205871
205872
205873
205874
205877
205878
205880
205882
205883
205885
205886
205888
205889
205891
205892
205894
205895
205897
205898
205902
205905
205908
205910
205911
205912
205913
205914
205915
205917
205919
205920
205921
205922
205923
205928
205929
205931
205933
205934
205938
205939
205940
205945
205948
205949
205952
205953
205954
205955
205956
205960
205968
205971
205972
205974
205978
205981
205982
205983
205987
205991
206005
206018
206026
206027
206033
206034
206042
206045
206065
206081
206092
206099
206103
206105
206107
206108
206110
206111
206114
206116
206117
206118
206119
206120
206121
206126
206128
206129
206130
206131
206132
206134
206139
206141
206142
206143
206144
206145
206147
206148
206149
206150
206152
206153
206155
206156
206157
206158
206159
206161
206162
206164
206170
206171
206173
206174
206176
206179
206181
206183
206184
206185
206186
206190
206199
206202
206203
206211
206212
206213
206215
206218
206219
206223
206225
206227
206229
206230
206231
206232
206234
206235
206236
206238
206242
206243
206245
206246
206250
206253
206255
206257
206260
206261
206264
206265
206266
206271
206273
206274
206276
206277
206278
206279
206288
206289
206293
206295
206296
206297
206301
206302
206305
206306
206307
206309
206310
206312
206315
206316
206320
206322
206329
206333
206334
206335
206338
206340
206342
206344
206345
206349
206351
206352
206353
206355
206364
206367
206374
206376
206378
206379
206380
206382
206383
206390
206391
206393
206395
206398
206401
206402
206403
206405
206410
206412
206413
206414
206416
206418
206419
206420
206423
206425
206427
206428
206429
206431
206435
206436
206439
206440
206441
206451
206453
206454
206458
206459
206460
206461
206463
206464
206466
206473
206474
206476
206478
206479
206483
206484
206485
206491
206492
206495
206496
206497
206499
206502
206504
206508
206509
206510
206513
206515
206517
206518
206519
206520
206521
206523
206527
206528
206534
206535
206537
206539
206540
206542
206543
206544
206547
206549
206550
206552
206553
206554
206555
206556
206558
206560
206562
206563
206566
206567
206568
206571
206572
206573
206577
206579
206580
206582
206583
206587
206589
206613
206614
206615
206616
206622
206630
206631
206633
206634
206636
206638
206643
206648
206650
206651
206655
206658
206660
206663
206664
206673
206674
206676
206680
206684
206685
206686
206691
206692
206693
206698
206700
206702
206703
206709
206710
206713
206714
206717
206720
206722
206725
206730
206731
206737
206739
206743
206747
206748
206750
206752
206754
206756
206762
206767
206770
206777
206779
206782
206783
206789
206790
206791
206794
206802
206803
206805
206809
206810
206812
206817
206818
206826
206828
206829
206837
206841
206842
206846
206861
206865
206867
206874
206876
206883
206887
206888
206889
206890
206896
206899
206900
206903
206904
206912
206919
206923
206924
206925
206926
206933
206936
206938
206941
206946
206952
206953
206954
207013
207014
207017
207019
207037
207040
207046
207048
207050
207056
207060
207063
207071
207072
207073
207075
207076
207077
207078
207079
207081
207097
207099
207102
207104
207113
207114
207121
207125
207128
207136
207137
207138
207139
207140
207143
207144
207145
207146
207147
207148
207149
207150
207155
207158
207165
207169
207171
207180
207183
207228
207233
207234
207236
207242
207256
207312
207316
207317
207326
207335
207336
207337
207345
207348
207359
207362
207363
207371
207393
207394
207395
207398
207400
207402
207403
207404
207405
207410
207411
207416
207420
207423
207428
207433
207434
207435
207436
207438
207440
207441
207443
207447
207451
207453
207461
207470
207473
207474
207475
207476
207477
207479
207488
207492
207493
207495
207499
207504
207506
207510
207511
207512
207513
207514
207515
207519
207521
207522
207525
207536
207540
207542
207543
207546
207557
207558
207560
207561
207565
207566
207567
207570
207572
207573
207576
207577
207579
207580
207581
207583
207584
207585
207586
207590
207593
207614
207618
207631
207632
207633
207634
207635
207639
207640
207641
207642
207660
207661
207663
207664
207665
207667
207684
207685
207686
207688
207689
207690
207693
207734
207735
207739
207740
207741
207743
207744
207745
207747
207748
207768
207769
207770
207777
207778
207780
207784
207787
207788
207791
207795
207802
207817
207820
207831
207840
207841
207845
207851
207860
207868
207870
207872
207874
207883
207885
207886
207887
207888
207890
207894
207900
207910
207916
207930
207934
207942
207945
207947
207955
207956
207957
207958
207962
207992
207993
208006
208018
208021
208024
208033
208037
208040
208065
208066
208094
208103
208104
208105
208107
208108
208109
208110
208111
208112
208113
208114
208115
208131
208132
208136
208137
208140
208154
208158
208165
208173
208174
208177
208178
208179
208181
208185
208186
208187
208198
208204
208205
208207
208208
208209
208213
208216
208218
208219
208221
208222
208223
208225
208226
208227
208230
208232
208233
208234
208246
208247
208272
208273
208281
208285
208286
208292
208293
208294
208299
208307
208308
208309
208311
208313
208333
208338
208343
208345
208360
208361
208371
208372
208375
208380
208384
208392
208393
208396
208397
208398
208443
208445
208450
208462
208465
208502
208508
208509
208511
208512
208519
208520
208528
208539
208547
208548
208549
208550
208553
208556
208561
208562
208578
208584
208589
208590
208591
208610
208636
208639
208649
208654
208655
208658
208662
208663
208685
208692
208709
208716
208725
208732
208735
208767
208769
208773
208786
208790
208792
208796
208843
208874
208891
208911
208913
208949
208954
208956
208964
208969
208991
208992
209006
209007
209012
209017
209035
209050
209051
209053
209054
209057
209064
209068
209070
209073
209087
209089
209090
209100
209102
209103
209116
209118
209119
209122
209123
209131
209133
209134
209135
209140
209153
209155
209157
209169
209170
209173
209174
209192
209201
209202
209228
209229
209230
209231
209233
209234
209235
209236
209238
209242
209243
209246
209254
209256
209267
209272
209276
209303
209305
209311
209314
209316
209318
209319
209321
209330
209348
209353
209397
209399
209434
209440
209441
209445
209450
209453
209454
209457
209488
209490
209491
209492
209494
209496
209499
209504
209508
209509
209513
209573
209578
209580
209581
209583
209605
209609
209610
209621
209622
209630
209633
209634
209635
209666
209668
209669
209672
209674
209693
209699
209700
209705
209712
209713
209717
209722
209726
209727
209733
209735
209739
209742
209767
209773
209774
209776
209781
209789
209790
209792
209793
209794
209795
209799
209800
209803
209805
209814
209816
209822
209835
209837
209883
209890
209895
209910
209913
209946
209947
209953
209969
209982
209994
209998
210001
210016
210018
210022
210023
210028
210032
210033
210034
210037
210044
210045
210062
210063
210082
210091
210093
210118
210119
210121
210122
210138
210139
210143
210144
210145
210147
210152
210154
210256
210265
210267
210268
210271
210289
210301
210302
210307
210310
210316
210317
210328
210329
210331
210336
210337
210338
210341
210342
210343
210344
210347
210349
210351
210352
210355
210356
210357
210362
210366
210368
210369
210370
210371
210373
210378
210379
210382
210386
210387
210389
210390
210392
210396
210397
210405
210407
210414
210423
210438
210439
210457
210458
210459
210464
210465
210468
210471
210472
210476
210477
210487
210493
210494
210508
210521
210524
210541
210568
210579
210587
210588
210590
210591
210592
210622
210625
210627
210632
210638
210639
210649
210654
210657
210665
210666
210673
210674
210677
210678
210688
210690
210691
210696
210698
210758
210774
210784
210797
210804
210805
210810
210814
210817
210818
210834
210835
210836
210837
210838
210841
210842
210843
210844
210846
210847
210864
210866
210871
210875
210876
210881
210883
210886
210889
210891
210897
210901
210906
210910
210911
210940
210941
210944
210962
210972
210985
211000
211001
211003
211004
211006
211008
211014
211021
211023
211024
211043
211047
211065
211067
211072
211075
211076
211084
211085
211106
211108
211150
211155
211156
211157
211197
211325
211360
211363
211364
211368
211503
211520
211556
211594
211666
211667
211668
211731
211770
211771
211772
211773
211774
211775
211776
211777
211778
211779
211780
211781
211782
211783
211784
211785
211786
211788
211789
211791
211792
211794
211795
211797
211799
211800
211801
211802
211803
211804
211805
211807
211809
211810
211811
211812
211813
211814
211817
211818
211819
211821
211823
211824
211825
211826
211828
211832
211833
211834
211836
211837
211838
211839
211840
211841
211843
211844
211845
211847
211848
211850
211851
211852
211854
211855
211856
211857
211860
211861
211862
211863
211864
211865
211866
211867
211868
211869
211870
211872
211873
211874
211875
211876
211877
211878
211879
211881
211882
211883
211885
211886
211887
211888
211889
211890
211891
211893
211894
211895
211896
211898
211899
211900
211901
211902
211903
211906
211907
211908
211909
211910
211911
211912
211913
211914
211916
211917
211918
211920
211921
211922
211927
211929
211930
211932
211933
211934
211935
211936
211937
211939
211940
211945
211946
211948
211949
211950
211952
211953
211955
211956
211957
211958
211959
211960
211961
211962
211963
211964
211965
211966
211967
211968
211969
211971
211973
211974
211975
211976
211977
211978
211979
211980
211982
211984
211985
211987
211990
211992
211994
211995
211997
211998
211999
212000
212001
212002
212003
212004
212006
212007
212008
212009
212010
212011
212015
212016
212017
212018
212019
212020
212022
212023
212024
212026
212027
212028
212029
212030
212031
212032
212033
212034
212036
212037
212038
212039
212041
212042
212043
212045
212046
212048
212049
212050
212051
212052
212053
212054
212055
212056
212058
212060
212061
212063
212064
212065
212066
212068
212069
212071
212072
212073
212074
212075
212076
212077
212079
212080
212081
212082
212083
212084
212085
212086
212087
212088
212089
212091
212092
212093
212096
212097
212098
212101
212102
212103
212104
212105
212106
212108
212110
212111
212112
212113
212114
212115
212116
212117
212118
212119
212120
212121
212122
212123
212125
212126
212127
212129
212133
212135
212138
212139
212141
212142
212143
212145
212147
212148
212149
212150
212152
212153
212155
212156
212158
212159
212160
212162
212163
212164
212165
212166
212167
212168
212172
212173
212174
212175
212177
212178
212179
212180
212181
212183
212184
212185
212186
212188
212189
212190
212192
212193
212197
212200
212202
212204
212205
212206
212208
212209
212210
212211
212213
212214
212215
212218
212219
212220
212222
212224
212225
212226
212227
212232
212236
212237
212239
212240
212241
212242
212246
212249
212252
212257
212259
212263
212264
212270
212272
212275
212280
212283
212289
212294
212310
212322
212357
212405
212424
